% -------------------------------------------------------------------
%  Generated by MATLAB on 5-Feb-2017 18:58:49
%  MATLAB version: 9.1.0.441655 (R2016b)
% -------------------------------------------------------------------
                                                               

C1_LUT = ...
  [1913.6 12447 30609;
   4625.7 18872 32995;
   23306 40764 47535;
   10736 18721 26325;
   18036 33630 48274;
   12251 18360 26839;
   9022.9 23394 30606];

Capacity_LUT = [28.0081 27.625 27.6392];

Cp = ...
  [4.2199 4.2194 4.1957 4.1726 4.1508 4.13 4.1103 4.0916 4.0738 4.0569 ...
   4.0408 4.0254;
   4.1955 4.1951 4.1769 4.1592 4.1422 4.1259 4.1103 4.0954 4.0812 4.0676 ...
   4.0545 4.0421;
   4.1843 4.184 4.169 4.1543 4.1401 4.1264 4.1133 4.1007 4.0885 4.0768 ...
   4.0656 4.0548;
   4.1801 4.1798 4.1667 4.1538 4.1413 4.1293 4.1177 4.1064 4.0956 4.0851 ...
   4.075 4.0653;
   4.1796 4.1794 4.1675 4.1558 4.1444 4.1334 4.1227 4.1123 4.1023 4.0926 ...
   4.0832 4.0741;
   1.928 4.1813 4.1702 4.1592 4.1484 4.138 4.1279 4.1181 4.1086 4.0993 ...
   4.0903 4.0816;
   1.9142 4.185 4.1742 4.1636 4.1532 4.1432 4.1334 4.1239 4.1146 4.1056 ...
   4.0969 4.0884;
   1.9085 4.1901 4.1795 4.169 4.1588 4.1489 4.1393 4.1299 4.1207 4.1118 ...
   4.1032 4.0947;
   1.9059 4.1968 4.1862 4.1757 4.1655 4.1555 4.1458 4.1364 4.1273 4.1183 ...
   4.1096 4.1012;
   1.9052 4.2052 4.1944 4.1837 4.1733 4.1632 4.1534 4.1438 4.1345 4.1255 ...
   4.1166 4.108;
   1.9058 2.0766 4.2045 4.1935 4.1828 4.1724 4.1623 4.1524 4.1429 4.1335 ...
   4.1245 4.1157];

Cv = ...
  [4.2174 4.217 4.1944 4.1721 4.1507 4.13 4.1101 4.0908 4.0722 4.0542 4.0368 ...
   4.02;
   4.1909 4.1906 4.171 4.1517 4.133 4.1148 4.0973 4.0803 4.0638 4.0478 ...
   4.0323 4.0173;
   4.157 4.1566 4.1394 4.1223 4.1057 4.0895 4.0738 4.0586 4.0438 4.0294 ...
   4.0154 4.0018;
   4.1175 4.1172 4.1018 4.0865 4.0716 4.0571 4.043 4.0292 4.0158 4.0027 ...
   3.99 3.9776;
   4.0736 4.0734 4.0596 4.0458 4.0324 4.0193 4.0065 3.9941 3.9819 3.97 ...
   3.9584 3.947;
   1.4517 4.0261 4.0137 4.0013 3.9892 3.9774 3.9658 3.9544 3.9434 3.9325 ...
   3.9219 3.9116;
   1.4414 3.9764 3.9652 3.954 3.9431 3.9323 3.9218 3.9115 3.9014 3.8915 ...
   3.8818 3.8724;
   1.4379 3.9251 3.9149 3.9048 3.8949 3.8851 3.8756 3.8662 3.857 3.848 ...
   3.8392 3.8305;
   1.4369 3.8728 3.8636 3.8545 3.8455 3.8366 3.8279 3.8194 3.811 3.8028 ...
   3.7947 3.7868;
   1.4375 3.8203 3.812 3.8037 3.7955 3.7875 3.7796 3.7718 3.7642 3.7567 ...
   3.7493 3.7421;
   1.439 1.5535 3.7606 3.7531 3.7457 3.7384 3.7312 3.7241 3.7172 3.7103 ...
   3.7036 3.697];

Em_LUT = ...
  [3.4966 3.5057 3.5148;
   3.5519 3.566 3.5653;
   3.6183 3.6337 3.6402;
   3.7066 3.7127 3.7213;
   3.9131 3.9259 3.9376;
   4.0748 4.0777 4.0821;
   4.1923 4.1928 4.193];

Qe_init = 15.6845;

R0_LUT = ...
  [0.0117 0.0085 0.009;
   0.011 0.0085 0.009;
   0.0114 0.0087 0.0092;
   0.0107 0.0082 0.0088;
   0.0107 0.0083 0.0091;
   0.0113 0.0085 0.0089;
   0.0116 0.0085 0.0089];

R1_LUT = ...
  [0.0109 0.0029 0.0013;
   0.0069 0.0024 0.0012;
   0.0047 0.0026 0.0013;
   0.0034 0.0016 0.001;
   0.0033 0.0023 0.0014;
   0.0033 0.0018 0.0011;
   0.0028 0.0017 0.0011];

SOC_LUT = [0; 0.1; 0.25; 0.5; 0.75; 0.9; 1];

T = [273.16; 283.16; 293.16; 303.16; 313.16; 323.16; 333.16; 343.16; 353.16; ...
     363.16; 373.16];

T_init = 293.15;

Temperature_LUT = [278.15 293.15 313.15];

air_density = 1.225;

alpha = ...
  [6.7928585717143438E-5 6.7582813250120015E-5 4.9031228175197051E-5 3.0723527070063691E-5 ...
   1.3029881862404449E-5 -4.0641774784589477E-6 -2.0575973127840345E-5 ...
   -3.6524396254312469E-5 -5.1918576064509781E-5 -6.6779827315541587E-5 ...
   -8.1117963778756742E-5 -9.494627857003322E-5;
   -8.7846867935097937E-5 -8.8064419325797734E-5 -9.9753493013972046E-5 ...
   -0.00011136997212266031 -0.00012269792390980433 -0.0001337264618434093 ...
   -0.0001444576287946208 -0.00015491859891465223 -0.00016507186454026382 ...
   -0.000174950884086444 -0.00018455204861791803 -0.00019388633473540058 ...
   ;
   -0.00020678047607597982 -0.00020691244239631334 -0.0002140843662534986 ...
   -0.00022125261793158469 -0.00022830132351477761 -0.00023520007943600435 ...
   -0.000241959774100862 -0.00024858131487889271 -0.00025507103393843724 ...
   -0.00026141577237373239 -0.00026760660247592851 -0.00027364447494852438 ...
   ;
   -0.000303391890398851 -0.00030346005122281931 -0.00030737006674550513 ...
   -0.00031133 -0.00031524645779285569 -0.00031913770785621829 -0.00032294088425235967 ...
   -0.00032673012095974619 -0.00033045414069456807 -0.00033414634146341463 ...
   -0.00033774142688214429 -0.00034130605822187257;
   -0.00038552868963988025 -0.00038555346146481088 -0.00038695630311258607 ...
   -0.00038842560536271592 -0.00038992640064086518 -0.00039143685051958434 ...
   -0.00039298035696480214 -0.00039457657478356053 -0.00039612711022840114 ...
   -0.00039772051536174428 -0.000399297725024728 -0.00040086870681145108 ...
   ;
   -0.003153536224558065 -0.00045784034897725778 -0.0004571988365516684 ...
   -0.00045664617555174844 -0.00045617087175567908 -0.00045578156202021015 ...
   -0.00045546309370024334 -0.00045519136604376938 -0.00045502144210631288 ...
   -0.00045488205434458042 -0.0004547928876527268 -0.00045472390205214623 ...
   ;
   -0.0030462052784124894 -0.0005233169580650738 -0.00052092721146429575 ...
   -0.00051862841402776794 -0.00051647130153597415 -0.00051444993445598464 ...
   -0.00051253798627462813 -0.0005107346561696658 -0.00050903424293745672 ...
   -0.00050742581683985242 -0.00050590877333067175 -0.00050445263472457418 ...
   ;
   -0.0029492912788584608 -0.0005840185730649649 -0.00058005327019828353 ...
   -0.00057620560443141084 -0.00057254475625368307 -0.00056905326763590641 ...
   -0.00056572544337990559 -0.00056253849027268791 -0.00055950833711148045 ...
   -0.000556606808904261 -0.00055383411266531535 -0.00055116817048379168 ...
   ;
   -0.0028600013014055182 -0.000641420897734055 -0.000635984681253016 -0.00063067908253685331 ...
   -0.00062561072837663794 -0.00062076104804740487 -0.00061612440337468577 ...
   -0.00061167868386310551 -0.00060740995966679508 -0.00060330896109543608 ...
   -0.0005993843669576625 -0.00059559852948582359;
   -0.0027767552372665824 -0.00069667460892986637 -0.00068978739677322677 ...
   -0.00068306213780445048 -0.00067664276381444244 -0.00067048184113818819 ...
   -0.00066457381649835093 -0.00065891647163428626 -0.00065347705926144988 ...
   -0.00064824049009830462 -0.00064321475358227289 -0.00063836838104889789 ...
   ;
   -0.0026990541702493548 -0.0028984991096413126 -0.00074233575882493778 ...
   -0.00073418628560746883 -0.00072640619981558018 -0.00071893573695254443 ...
   -0.0007117796295532361 -0.00070490420036632283 -0.0006983069293715412 ...
   -0.00069196488028767846 -0.00068585857553236083 -0.00067997266031461043 ...
   ];

area = 5;

